{
 "cells": [
  {
   "cell_type": "code",
   "execution_count": 7,
   "metadata": {},
   "outputs": [],
   "source": [
    "# ImportsnoI \n",
    "import numpy as np\n",
    "import scipy.linalg as la"
   ]
  },
  {
   "cell_type": "code",
   "execution_count": 8,
   "metadata": {
    "tags": []
   },
   "outputs": [
    {
     "name": "stdout",
     "output_type": "stream",
     "text": [
      "mat_A = \n",
      " [[-88. -72.   1. -54. -26.]\n",
      " [ -1. -24.  87. -76.   5.]\n",
      " [-51.  82. -42.   2.  59.]\n",
      " [ 24. -71. -49. -28. -28.]\n",
      " [ 66. -11.  -5.   9.  19.]]\n",
      "mat_b = \n",
      " [[  9.]\n",
      " [-46.]\n",
      " [ 22.]\n",
      " [-55.]\n",
      " [ 59.]]\n"
     ]
    }
   ],
   "source": [
    "# Generating matrix A and column b for Ax = b equation, which represents a system of linear equations\n",
    "n = 5\n",
    "generator = np.random.default_rng()\n",
    "mat_A = np.array(generator.integers(low=-100, high=100, size=n*n).reshape(n, n), dtype=np.float)\n",
    "print(f\"mat_A = \\n {mat_A}\")\n",
    "mat_b = np.array(generator.integers(low=-100, high=100, size=n).reshape(n, 1), dtype=np.float)\n",
    "print(f\"mat_b = \\n {mat_b}\")\n"
   ]
  },
  {
   "cell_type": "code",
   "execution_count": 9,
   "metadata": {
    "tags": []
   },
   "outputs": [
    {
     "name": "stdout",
     "output_type": "stream",
     "text": [
      "AInv = \n",
      " [[-0.0093479   0.00384618 -0.00078005  0.00736122 -0.00053365]\n",
      " [-0.01727818  0.00610463  0.00391444  0.00951679 -0.02338093]\n",
      " [ 0.00373304  0.00218661 -0.00579823 -0.01197826  0.0048858 ]\n",
      " [ 0.01105105 -0.01284159 -0.00740556 -0.01778699  0.01528568]\n",
      " [ 0.01821616 -0.00316786  0.00695795 -0.01478759  0.03499412]]\n",
      "\n",
      "\n",
      "Solution x =\n",
      " [[-0.71456842]\n",
      " [-2.25309748]\n",
      " [ 0.75251892]\n",
      " [ 2.40738967]\n",
      " [ 3.34071218]]\n",
      "\n",
      "\n",
      "Verify that AInv * A == I\n",
      " [[ 1.00000000e+00  9.19403442e-17 -3.46944695e-17  2.42861287e-17\n",
      "   8.32667268e-17]\n",
      " [-5.55111512e-17  1.00000000e+00  1.73472348e-17 -8.15320034e-17\n",
      "   9.71445147e-17]\n",
      " [ 9.71445147e-17  1.29236899e-16  1.00000000e+00  1.37043155e-16\n",
      "  -1.38777878e-17]\n",
      " [ 5.55111512e-17 -2.53269627e-16 -9.71445147e-17  1.00000000e+00\n",
      "   1.66533454e-16]\n",
      " [-1.80411242e-16 -8.58688121e-17  5.20417043e-17 -9.88792381e-17\n",
      "   1.00000000e+00]]\n",
      "\n",
      "\n"
     ]
    }
   ],
   "source": [
    "# Solving the system - what we are trying to find vector x such that would give us A * x = b\n",
    "# The approach is a bit different, in that, we multiply both sides by AInv to get to the form of\n",
    "# AInv * A * x = AInv * b => I * x = AInv * b => x = AInv * b\n",
    "mat_A_Inv = np.linalg.inv(mat_A)\n",
    "print(f\"AInv = \\n {mat_A_Inv}\\n\\n\")\n",
    "x = mat_A_Inv @ mat_b\n",
    "print(f\"Solution x =\\n {x}\\n\\n\")\n",
    "\n",
    "print(f\"Verify that AInv * A == I\\n {mat_A @ mat_A_Inv}\\n\\n\")\n"
   ]
  },
  {
   "cell_type": "code",
   "execution_count": 10,
   "metadata": {
    "tags": []
   },
   "outputs": [
    {
     "name": "stdout",
     "output_type": "stream",
     "text": [
      "P = \n",
      " [[1. 0. 0. 0. 0.]\n",
      " [0. 0. 0. 1. 0.]\n",
      " [0. 1. 0. 0. 0.]\n",
      " [0. 0. 1. 0. 0.]\n",
      " [0. 0. 0. 0. 1.]]\n",
      "\n",
      "\n",
      "L = \n",
      " [[ 1.          0.          0.          0.          0.        ]\n",
      " [ 0.57954545  1.          0.          0.          0.        ]\n",
      " [-0.27272727 -0.7325496   1.          0.          0.        ]\n",
      " [ 0.01136364 -0.18736223 -0.98863768  1.          0.        ]\n",
      " [-0.75       -0.52534901  0.33307667  0.09052548  1.        ]]\n",
      "\n",
      "\n",
      "U = \n",
      " [[-88.         -72.           1.         -54.         -26.        ]\n",
      " [  0.         123.72727273 -42.57954545  33.29545455  74.06818182]\n",
      " [  0.           0.         -79.91890154 -18.33670096  19.16770757]\n",
      " [  0.           0.           0.         -87.27640644  38.12295252]\n",
      " [  0.           0.           0.           0.          28.57623097]]\n",
      "\n",
      "\n",
      "D = \n",
      " [[-88.           0.           0.           0.           0.        ]\n",
      " [  0.         123.72727273   0.           0.           0.        ]\n",
      " [  0.           0.         -79.91890154   0.           0.        ]\n",
      " [  0.           0.           0.         -87.27640644   0.        ]\n",
      " [  0.           0.           0.           0.          28.57623097]]\n",
      "\n",
      "\n",
      "U (normalized) = \n",
      " [[ 1.          0.81818182 -0.01136364  0.61363636  0.29545455]\n",
      " [ 0.          1.         -0.34414034  0.2691036   0.59864071]\n",
      " [-0.         -0.          1.          0.22944135 -0.23983948]\n",
      " [-0.         -0.         -0.          1.         -0.43680708]\n",
      " [ 0.          0.          0.          0.          1.        ]]\n",
      "\n",
      "\n",
      "Original matrix A\n",
      "[[-88. -72.   1. -54. -26.]\n",
      " [ -1. -24.  87. -76.   5.]\n",
      " [-51.  82. -42.   2.  59.]\n",
      " [ 24. -71. -49. -28. -28.]\n",
      " [ 66. -11.  -5.   9.  19.]]\n",
      "\n",
      "\n",
      "LDU restored matrix A\n",
      "[[-88. -72.   1. -54. -26.]\n",
      " [ -1. -24.  87. -76.   5.]\n",
      " [-51.  82. -42.   2.  59.]\n",
      " [ 24. -71. -49. -28. -28.]\n",
      " [ 66. -11.  -5.   9.  19.]]\n"
     ]
    }
   ],
   "source": [
    "# LDU Decomposition, decomposing matrix into Lower Triangle, Diagonal and Upper Triangle parts\n",
    "(P, L, U) = la.lu(mat_A)\n",
    "print(f\"P = \\n {P}\\n\\n\")\n",
    "print(f\"L = \\n {L}\\n\\n\")\n",
    "print(f\"U = \\n {U}\\n\\n\")\n",
    "\n",
    "# We need to extract D from U and then re-normalize U\n",
    "D = np.diag(np.diag(U))\n",
    "print(f\"D = \\n {D}\\n\\n\")\n",
    "U = U / np.diag(U)[:, None]\n",
    "print(f\"U (normalized) = \\n {U}\\n\\n\")\n",
    "\n",
    "print(f\"Original matrix A\\n{mat_A}\\n\\n\")\n",
    "print(f\"LDU restored matrix A\\n{P @ L @ D @ U}\")"
   ]
  },
  {
   "cell_type": "code",
   "execution_count": null,
   "metadata": {},
   "outputs": [],
   "source": []
  }
 ],
 "metadata": {
  "kernelspec": {
   "display_name": "Python 3",
   "language": "python",
   "name": "python3"
  },
  "language_info": {
   "codemirror_mode": {
    "name": "ipython",
    "version": 3
   },
   "file_extension": ".py",
   "mimetype": "text/x-python",
   "name": "python",
   "nbconvert_exporter": "python",
   "pygments_lexer": "ipython3",
   "version": "3.6.0"
  }
 },
 "nbformat": 4,
 "nbformat_minor": 2
}
