{
 "cells": [
  {
   "cell_type": "code",
   "execution_count": 1,
   "metadata": {},
   "outputs": [],
   "source": [
    "# Imports\n",
    "import numpy as np"
   ]
  },
  {
   "cell_type": "code",
   "execution_count": 4,
   "metadata": {
    "tags": []
   },
   "outputs": [
    {
     "name": "stdout",
     "output_type": "stream",
     "text": [
      "a = [1 2 3]\n",
      "b = [3 2 1]\n"
     ]
    }
   ],
   "source": [
    "# Defining vectors\n",
    "a = np.array([1, 2, 3])\n",
    "print(f\"a = {a}\")\n",
    "\n",
    "b = np.array([3, 2, 1])\n",
    "print(f\"b = {b}\")"
   ]
  },
  {
   "cell_type": "code",
   "execution_count": 6,
   "metadata": {
    "tags": []
   },
   "outputs": [
    {
     "name": "stdout",
     "output_type": "stream",
     "text": [
      "a + b = [4 4 4]\n",
      "3 * a - 4 * b = [-9 -2  5]\n",
      "a @ b = 10\n",
      "a.dot(b) = 10\n",
      "np.linalg.norm(a) = 3.7416573867739413\n",
      "cos_ab = 0.7142857142857143\n",
      "a * b = [3 4 3]\n"
     ]
    }
   ],
   "source": [
    "# Vector addition\n",
    "ab = a + b\n",
    "print(f\"a + b = {ab}\")\n",
    "\n",
    "# Linear combination\n",
    "c = 3 * a - 4 * b\n",
    "print(f\"3 * a - 4 * b = {c}\")\n",
    "\n",
    "# Dot Product\n",
    "ab_dot = a @ b\n",
    "ab_dot_ = a.dot(b)\n",
    "print(f\"a @ b = {ab_dot}\")\n",
    "print(f\"a.dot(b) = {ab_dot_}\")\n",
    "\n",
    "# Vector length\n",
    "a_len = np.linalg.norm(a)\n",
    "print(f\"np.linalg.norm(a) = {a_len}\")\n",
    "\n",
    "# Cos between vectors a and b\n",
    "cos_ab = a.dot(b) / (np.linalg.norm(a) * np.linalg.norm(b))\n",
    "print(f\"cos_ab = {cos_ab}\")\n",
    "\n",
    "# Per item multiplication\n",
    "ab_item = a * b\n",
    "print(f\"a * b = {ab_item}\")\n"
   ]
  },
  {
   "cell_type": "code",
   "execution_count": 7,
   "metadata": {
    "tags": []
   },
   "outputs": [
    {
     "name": "stdout",
     "output_type": "stream",
     "text": [
      "matA = [[0.07057763 0.56475002 0.20954121 0.21294641]\n",
      " [0.00226059 0.1895436  0.52273317 0.52350878]\n",
      " [0.69047986 0.96165291 0.45549405 0.43982854]\n",
      " [0.0869658  0.01349439 0.45520584 0.22352099]]\n",
      "matB = [[0.92738276 0.20567706 0.70456366 0.96335298]\n",
      " [0.25821966 0.9193207  0.40788493 0.13578508]\n",
      " [0.51982483 0.10864631 0.454519   0.02348595]\n",
      " [0.66069243 0.67935973 0.28237229 0.7739439 ]]\n",
      "matC = [[1.92534314 0.97610414 1.61866853 2.13965236]\n",
      " [0.51869991 2.028185   1.33850303 0.79507894]\n",
      " [1.73012952 1.17894553 1.36453204 0.48680044]\n",
      " [1.40835065 1.37221385 1.01995043 1.7714088 ]]\n",
      "matD = [[0.46089884 0.70113568 0.43545008 0.31440564]\n",
      " [0.66864828 0.58716011 0.46432123 0.44535825]\n",
      " [1.41602531 1.37437284 1.20995684 1.14685427]\n",
      " [0.46844103 0.23160014 0.33679294 0.26929475]]\n",
      "matE = [[0.06545248 0.11615612 0.14763512 0.20514255]\n",
      " [0.00058373 0.17425135 0.21321498 0.07108468]\n",
      " [0.35892858 0.10448004 0.2070307  0.01032979]\n",
      " [0.05745764 0.00916755 0.12853752 0.17299271]]\n",
      "matAInv = [[-2.93428844 -0.2232827   1.76952399 -0.16352168]\n",
      " [ 2.48125923 -0.81487985 -0.25739652  0.05114445]\n",
      " [ 1.80881049 -1.99432612 -0.73071479  4.38552436]\n",
      " [-2.69183417  4.19756173  0.8151851  -4.39683837]]\n",
      "np.dot(matA, matAInv) = [[ 1.00000000e+00 -9.01440023e-17  4.83222268e-18  6.18079354e-17]\n",
      " [ 2.88958665e-16  1.00000000e+00 -3.52744316e-17  2.47120031e-16]\n",
      " [ 4.71524427e-17  3.41934465e-18  1.00000000e+00  1.01989588e-16]\n",
      " [-5.86406741e-17  4.61157831e-17  1.22606966e-17  1.00000000e+00]]\n"
     ]
    }
   ],
   "source": [
    "# Defining matrices\n",
    "matA = np.random.rand(4, 4)\n",
    "print(f\"matA = {matA}\")\n",
    "matB = np.random.rand(4, 4)\n",
    "print(f\"matB = {matB}\")\n",
    "\n",
    "# Matrix addition with scalar\n",
    "matC = matA + 2 * matB\n",
    "print(f\"matC = {matC}\")\n",
    "\n",
    "# Matrix dot product\n",
    "matD = matA.dot(matB)\n",
    "print(f\"matD = {matD}\")\n",
    "\n",
    "# Matrix item based product\n",
    "matE = matA * matB\n",
    "print(f\"matE = {matE}\")\n",
    "\n",
    "# Computing inverse\n",
    "matAInv = np.linalg.inv(matA)\n",
    "print(f\"matAInv = {matAInv}\")\n",
    "matAdotAInv = np.dot(matA, matAInv)\n",
    "print(f\"np.dot(matA, matAInv) = {matAdotAInv}\")\n"
   ]
  },
  {
   "cell_type": "code",
   "execution_count": 8,
   "metadata": {
    "tags": []
   },
   "outputs": [
    {
     "name": "stdout",
     "output_type": "stream",
     "text": [
      "Numpy based multiplication 0:00:00.054154\n",
      "Python loop based multiplication 0:00:04.415918\n"
     ]
    }
   ],
   "source": [
    "# Performance comparisons\n",
    "vector_size = 1000000\n",
    "largeVectA = np.random.rand(vector_size)\n",
    "largeVectB = np.random.rand(vector_size)\n",
    "\n",
    "from datetime import datetime\n",
    "\n",
    "start_stamp1 = datetime.now()\n",
    "for _ in range(10):\n",
    "    res = largeVectA * largeVectB\n",
    "end_stamp1 = datetime.now()\n",
    "\n",
    "res_vector = np.random.rand(vector_size)\n",
    "start_stamp2 = datetime.now()\n",
    "for _ in range(10):\n",
    "    for i in range(vector_size):\n",
    "        res_vector[i] = largeVectA[i] * largeVectB[i]\n",
    "end_stamp2 = datetime.now()\n",
    "\n",
    "print(f\"Numpy based multiplication {end_stamp1 - start_stamp1}\")\n",
    "print(f\"Python loop based multiplication {end_stamp2 - start_stamp2}\")"
   ]
  },
  {
   "cell_type": "code",
   "execution_count": null,
   "metadata": {},
   "outputs": [],
   "source": []
  }
 ],
 "metadata": {
  "kernelspec": {
   "display_name": "Python 3",
   "language": "python",
   "name": "python3"
  },
  "language_info": {
   "codemirror_mode": {
    "name": "ipython",
    "version": 3
   },
   "file_extension": ".py",
   "mimetype": "text/x-python",
   "name": "python",
   "nbconvert_exporter": "python",
   "pygments_lexer": "ipython3",
   "version": "3.6.0"
  }
 },
 "nbformat": 4,
 "nbformat_minor": 2
}
